<?xml version="1.0"?>
<opencv_storage>
<Camera_Matrix type_id="opencv-matrix">
  <rows>3</rows>
  <cols>3</cols>
  <dt>d</dt>
  <data>
    4.9308861863243351e+02 0. 2.5470929966092453e+02 0.
    4.8995908496582030e+02 3.1095065684339954e+02 0. 0. 1.</data></Camera_Matrix>
<Distortion_Coefficients type_id="opencv-matrix">
  <rows>1</rows>
  <cols>5</cols>
  <dt>d</dt>
  <data>
    1.7940064790280091e-01 -1.6579880126084172e+00
    -5.8348124084308629e-03 1.8373364167013701e-02
    6.0945749352817913e+00</data></Distortion_Coefficients>
</opencv_storage>
